6.681700000000000000e+04 0.000000000000000000e+00 1.000000000000000000e+00 2.560000000000000000e+02 1.453026011586189270e-02 1.837726568624683310e+01 5.873309736636929124e-01 2.699595775604248047e+02
6.681700000000000000e+04 0.000000000000000000e+00 1.000000000000000000e+00 2.560000000000000000e+02 1.453026011586189270e-02 1.837726568624683310e+01 5.873309736636929124e-01 2.701797199249267578e+02
6.681700000000000000e+04 4.200000000000000000e+01 1.000000000000000000e+00 2.560000000000000000e+02 1.510416809469461441e-02 1.820903205730355623e+01 5.711041081427428168e-01 2.681110775470733643e+02
6.681700000000000000e+04 4.200000000000000000e+01 1.000000000000000000e+00 2.560000000000000000e+02 1.510416809469461441e-02 1.820903205730355623e+01 5.711041081427428168e-01 2.717848200798034668e+02
6.681700000000000000e+04 1.230000000000000000e+02 1.000000000000000000e+00 2.560000000000000000e+02 1.525570638477802277e-02 1.816567683556927904e+01 5.676126902646116967e-01 2.695894777774810791e+02
6.681700000000000000e+04 1.230000000000000000e+02 1.000000000000000000e+00 2.560000000000000000e+02 1.525570638477802277e-02 1.816567683556927904e+01 5.676126902646116967e-01 2.672640359401702881e+02
1.326090000000000000e+05 0.000000000000000000e+00 2.000000000000000000e+00 2.560000000000000000e+02 8.609849028289318085e-03 2.065004482576412315e+01 7.319640422957769399e-01 4.536223330497741699e+02
1.326090000000000000e+05 0.000000000000000000e+00 2.000000000000000000e+00 2.560000000000000000e+02 8.609849028289318085e-03 2.065004482576412315e+01 7.319640422957769399e-01 4.554364380836486816e+02
1.326090000000000000e+05 4.200000000000000000e+01 2.000000000000000000e+00 2.560000000000000000e+02 9.461695328354835510e-03 2.024030993857562066e+01 7.038664394836526839e-01 4.566250383853912354e+02
1.326090000000000000e+05 4.200000000000000000e+01 2.000000000000000000e+00 2.560000000000000000e+02 9.461695328354835510e-03 2.024030993857562066e+01 7.038664394836526839e-01 4.508269000053405762e+02
1.326090000000000000e+05 1.230000000000000000e+02 2.000000000000000000e+00 2.560000000000000000e+02 8.777058683335781097e-03 2.056651042699553145e+01 7.271067468076072293e-01 4.598054349422454834e+02
1.326090000000000000e+05 1.230000000000000000e+02 2.000000000000000000e+00 2.560000000000000000e+02 8.777058683335781097e-03 2.056651042699553145e+01 7.271067468076072293e-01 4.539279434680938721e+02
1.984010000000000000e+05 0.000000000000000000e+00 3.000000000000000000e+00 2.560000000000000000e+02 6.977575365453958511e-03 2.156295505357515552e+01 7.750449460655309819e-01 6.397571344375610352e+02
1.984010000000000000e+05 0.000000000000000000e+00 3.000000000000000000e+00 2.560000000000000000e+02 6.977575365453958511e-03 2.156295505357515552e+01 7.750449460655309819e-01 6.434493820667266846e+02
1.984010000000000000e+05 4.200000000000000000e+01 3.000000000000000000e+00 2.560000000000000000e+02 6.742847152054309845e-03 2.171156613080864162e+01 7.825641150203792584e-01 6.430992603302001953e+02
1.984010000000000000e+05 4.200000000000000000e+01 3.000000000000000000e+00 2.560000000000000000e+02 6.742847152054309845e-03 2.171156613080864162e+01 7.825641150203792584e-01 6.409485332965850830e+02
1.984010000000000000e+05 1.230000000000000000e+02 3.000000000000000000e+00 2.560000000000000000e+02 6.521391682326793671e-03 2.185659700008663009e+01 7.920526136037946419e-01 6.474274771213531494e+02
1.984010000000000000e+05 1.230000000000000000e+02 3.000000000000000000e+00 2.560000000000000000e+02 6.521391682326793671e-03 2.185659700008663009e+01 7.920526136037946419e-01 6.426323406696319580e+02
2.641930000000000000e+05 0.000000000000000000e+00 4.000000000000000000e+00 2.560000000000000000e+02 4.892852623015642166e-03 2.310437940615088692e+01 8.359444422328403679e-01 8.275195229053497314e+02
2.641930000000000000e+05 0.000000000000000000e+00 4.000000000000000000e+00 2.560000000000000000e+02 4.892852623015642166e-03 2.310437940615088692e+01 8.359444422328403679e-01 8.296979920864105225e+02
